0.011856	 0.005928
0.033024	 0.013548
0.062768	 0.026003
0.092512	 0.034374
0.112816	 0.043458
0.131696	 0.047703
0.150576	 0.053432
0.169456	 0.060089
0.188336	 0.064060
0.207216	 0.069124
0.226096	 0.074984
0.244976	 0.079749
0.263856	 0.085233
0.282736	 0.091282
0.301616	 0.096524
0.320496	 0.102292
0.339376	 0.108491
0.358256	 0.114001
0.377136	 0.119925
0.396016	 0.126201
0.414896	 0.131879
0.433776	 0.137899
0.452656	 0.144217
0.471536	 0.150008
0.490416	 0.156091
0.509296	 0.162432
0.528176	 0.168303
0.547056	 0.174429
0.565936	 0.180784
0.584816	 0.186715
0.603696	 0.192873
0.622576	 0.199236
0.641456	 0.205213
0.660336	 0.211394
0.679216	 0.217761
0.698096	 0.223774
0.716976	 0.229973
0.735856	 0.236342
0.754736	 0.242384
0.773616	 0.248597
0.792496	 0.254966
0.811376	 0.261033
0.830256	 0.267256
0.849136	 0.273626
0.868016	 0.279713
0.886896	 0.285945
0.905776	 0.292314
0.924656	 0.298417
0.943536	 0.304657
0.962416	 0.311024
0.981296	 0.317142
1.000180	 0.323388
1.019060	 0.329755
1.037940	 0.335885
1.056820	 0.342136
1.075700	 0.348501
1.094580	 0.354642
1.113460	 0.360897
1.132340	 0.367261
1.151220	 0.373412
1.170100	 0.379671
1.188980	 0.386032
1.207860	 0.392192
1.226740	 0.398454
1.245620	 0.404814
1.264500	 0.410981
1.283380	 0.417245
1.302260	 0.423604
1.321140	 0.429778
1.340020	 0.436045
1.358900	 0.442401
1.377780	 0.448582
1.396660	 0.454851
1.415540	 0.461206
1.434420	 0.467391
1.453300	 0.473663
1.472180	 0.480016
1.491060	 0.486207
1.509940	 0.492480
1.528820	 0.498832
1.547700	 0.505027
1.566580	 0.511301
1.585460	 0.517652
1.604340	 0.523851
1.623220	 0.530127
1.642100	 0.536476
1.660980	 0.542680
1.679860	 0.548956
1.698740	 0.555304
1.717620	 0.561511
1.736500	 0.567789
1.755380	 0.574136
1.774260	 0.580346
1.793140	 0.586625
1.812020	 0.592971
1.830900	 0.599184
1.849780	 0.605464
1.868660	 0.611808
1.887540	 0.618024
1.906420	 0.624305
1.925300	 0.630648
1.944180	 0.636867
1.963060	 0.643148
1.981940	 0.649490
2.000820	 0.655711
2.019700	 0.661993
2.038580	 0.668334
2.057460	 0.674558
2.076340	 0.680841
2.095220	 0.687181
2.114100	 0.693406
2.132980	 0.699690
2.151860	 0.706029
2.170740	 0.712256
2.189620	 0.718540
2.208500	 0.724878
2.227380	 0.731108
2.246260	 0.737392
2.265140	 0.743730
2.284020	 0.749961
2.302900	 0.756246
2.321780	 0.762582
2.340660	 0.768816
2.359540	 0.775101
2.378420	 0.781436
2.397300	 0.787671
2.416180	 0.793957
2.435060	 0.800291
2.453940	 0.806528
2.472820	 0.812814
2.491700	 0.819148
2.510580	 0.825386
2.529460	 0.831672
2.548340	 0.838005
2.567220	 0.844244
2.586100	 0.850531
2.604980	 0.856863
2.623860	 0.863104
2.642740	 0.869391
2.661620	 0.875723
2.680500	 0.881965
2.699380	 0.888252
2.718260	 0.894583
2.737140	 0.900826
2.756020	 0.907113
2.774900	 0.913444
2.793780	 0.919688
2.812660	 0.925976
2.831540	 0.932306
2.850420	 0.938551
2.869300	 0.944839
2.888180	 0.951168
2.907060	 0.957415
2.925940	 0.963703
2.944820	 0.970031
2.963700	 0.976279
2.982580	 0.982567
3.001460	 0.988895
3.020340	 0.995143
3.039220	 1.001432
3.058100	 1.007759
3.076980	 1.014009
3.095860	 1.020297
3.114860	 1.026625
3.124300	 1.032819
3.133740	 1.038995
3.143180	 1.045153
3.152620	 1.051182
3.162060	 1.057196
3.171500	 1.063194
3.180940	 1.069067
3.190380	 1.074927
3.199820	 1.080773
3.209260	 1.086498
3.218830	 1.092213
3.228270	 1.097916
3.237710	 1.103501
3.247150	 1.109076
3.256590	 1.114642
3.266160	 1.120094
3.275600	 1.125539
3.285040	 1.130975
3.294480	 1.136300
3.303920	 1.141619
3.313360	 1.146931
3.322800	 1.152135
3.332240	 1.157335
3.341680	 1.162529
3.351120	 1.167618
3.360560	 1.172703
3.370000	 1.177784
3.379440	 1.182764
3.388880	 1.187741
3.398320	 1.192715
3.407760	 1.197589
3.417200	 1.202462
3.426640	 1.207334
3.436080	 1.212108
3.445520	 1.216882
3.454960	 1.221656
3.464400	 1.226335
3.473840	 1.231014
3.483280	 1.235694
3.492720	 1.240282
3.502160	 1.244871
3.511600	 1.249461
3.521040	 1.253961
3.530480	 1.258464
3.539920	 1.262968
3.549360	 1.267385
3.558800	 1.271804
3.568240	 1.276226
3.577680	 1.280563
3.587120	 1.284903
3.596560	 1.289247
3.606000	 1.293506
3.615440	 1.297770
3.624880	 1.302038
3.634320	 1.306224
3.643760	 1.310415
3.653200	 1.314611
3.662640	 1.318726
3.672080	 1.322847
3.681520	 1.326973
3.690960	 1.331021
3.700400	 1.335074
3.709840	 1.339134
3.719280	 1.343116
3.728720	 1.347105
3.738160	 1.351100
3.747600	 1.355019
3.757040	 1.358946
3.766480	 1.362879
3.775920	 1.366739
3.785360	 1.370605
3.794800	 1.374479
3.804240	 1.378281
3.813680	 1.382090
3.823120	 1.385907
3.832560	 1.389652
3.842000	 1.393406
3.851440	 1.397168
3.860880	 1.400860
3.870320	 1.404560
3.879760	 1.408269
3.889200	 1.411909
3.898640	 1.415558
3.908080	 1.419215
3.917520	 1.422805
3.926960	 1.426405
3.936400	 1.430013
3.945840	 1.433555
3.955280	 1.437106
3.964720	 1.440667
3.974160	 1.444163
3.983600	 1.447668
3.993040	 1.451183
4.002480	 1.454633
4.011920	 1.458094
4.021360	 1.461564
4.030800	 1.464972
4.040240	 1.468390
4.049680	 1.471817
4.059120	 1.475183
4.068560	 1.478559
4.078000	 1.481945
4.087440	 1.485270
4.096880	 1.488606
4.106320	 1.491952
4.115760	 1.495238
4.125200	 1.498535
4.134640	 1.501843
4.144080	 1.505091
4.153520	 1.508351
4.162960	 1.511621
4.172400	 1.514833
4.181840	 1.518055
4.191280	 1.521289
4.200720	 1.524466
4.210160	 1.527653
4.219600	 1.530852
4.229040	 1.533995
4.238480	 1.537148
4.247920	 1.540313
4.257360	 1.543422
4.266800	 1.546543
4.276240	 1.549674
4.285680	 1.552751
4.295120	 1.555840
4.304560	 1.558940
4.314000	 1.561986
4.323440	 1.565043
4.332880	 1.568112
4.342320	 1.571128
4.351760	 1.574156
4.361200	 1.577194
4.370640	 1.580181
4.380080	 1.583179
4.389520	 1.586189
4.398960	 1.589147
4.408400	 1.592117
4.417840	 1.595099
4.427280	 1.598029
4.436720	 1.600972
4.446160	 1.603926
4.455600	 1.606830
4.465040	 1.609746
4.474480	 1.612647
4.483920	 1.615525
4.493360	 1.618390
4.502800	 1.621235
4.512240	 1.624063
4.521680	 1.626872
4.531120	 1.629664
4.540560	 1.632437
4.550000	 1.635194
4.559440	 1.637933
4.568880	 1.640654
4.578320	 1.643359
4.587760	 1.646046
4.597200	 1.648717
4.606640	 1.651372
4.616080	 1.654010
4.625520	 1.656631
4.634960	 1.659237
4.644400	 1.661826
4.653840	 1.656763
4.663280	 1.659373
4.672720	 1.661967
4.682160	 1.664546
4.691600	 1.667109
4.701040	 1.669656
4.710480	 1.672188
4.719920	 1.674705
4.729360	 1.677207
4.738800	 1.679694
4.748240	 1.682166
4.757680	 1.684624
4.767120	 1.679673
4.776560	 1.682151
4.786000	 1.684615
4.795440	 1.687064
4.804880	 1.689499
4.814320	 1.691920
4.823760	 1.687034
4.833200	 1.689476
4.842640	 1.691903
4.852080	 1.694316
4.861520	 1.696716
4.870960	 1.699101
4.880400	 1.701474
4.889840	 1.696658
4.899280	 1.699050
4.908720	 1.701429
4.918160	 1.703794
4.927600	 1.706147
4.937040	 1.708486
4.946480	 1.710812
4.955920	 1.706063
4.965360	 1.708409
4.974670	 1.710742
4.984110	 1.713062
4.993550	 1.715369
5.002860	 1.710673
5.012300	 1.712999
5.021620	 1.715312
5.040500	 1.717639
5.059380	 1.719978
5.078260	 1.715333
5.097140	 1.717742
5.116020	 1.720164
5.134900	 1.722599
5.153780	 1.725045
5.172660	 1.720449
5.191540	 1.722963
5.210420	 1.725490
5.229300	 1.728028
5.248180	 1.730578
5.267060	 1.726027
5.285940	 1.728643
5.304820	 1.731271
5.323700	 1.733909
5.342580	 1.736558
5.361460	 1.732051
5.380340	 1.734764
5.399220	 1.737488
5.418100	 1.740223
5.436980	 1.735753
5.455860	 1.738550
5.474740	 1.741358
5.493620	 1.744175
5.512500	 1.739740
5.531380	 1.742619
5.550260	 1.745508
5.569140	 1.748405
5.588020	 1.744005
5.606900	 1.746963
5.616460	 1.749907
5.625900	 1.752835
5.635340	 1.748468
5.644780	 1.751410
5.654220	 1.754336
5.663790	 1.757249
5.673230	 1.752914
5.682670	 1.755839
5.692240	 1.758750
5.701680	 1.761647
5.711120	 1.757344
5.720560	 1.760253
5.730000	 1.763148
5.739440	 1.758873
5.748880	 1.761780
5.758320	 1.764673
5.767760	 1.767552
5.777200	 1.763308
5.786640	 1.766199
5.796080	 1.769076
5.805520	 1.764859
5.814960	 1.767748
5.824400	 1.770623
5.833840	 1.773485
5.843280	 1.769297
5.852720	 1.772171
5.862160	 1.775031
5.871600	 1.770869
5.881040	 1.773741
5.890480	 1.776599
5.899920	 1.779445
5.909360	 1.775311
5.918800	 1.778168
5.928240	 1.781012
5.937680	 1.776903
5.947120	 1.779758
5.956560	 1.782600
5.966000	 1.778517
5.975440	 1.781370
5.984880	 1.784211
5.994320	 1.780151
6.003760	 1.783003
6.013200	 1.785842
6.022640	 1.781806
6.032080	 1.784656
6.041520	 1.787493
6.050960	 1.783482
6.060400	 1.786330
6.069840	 1.789165
6.079280	 1.785177
6.088720	 1.788023
6.098160	 1.790857
6.107600	 1.786891
6.117040	 1.789736
6.126480	 1.792568
6.135920	 1.788624
6.145360	 1.791467
6.154800	 1.794297
6.164240	 1.790376
6.173680	 1.793217
6.183120	 1.796046
6.192560	 1.792146
6.202000	 1.794986
6.211440	 1.797812
6.220880	 1.793934
6.230320	 1.796772
6.239760	 1.799597
6.249200	 1.795740
6.258640	 1.798575
6.268080	 1.801399
6.277520	 1.797563
6.286960	 1.800396
6.296400	 1.803218
6.305840	 1.799402
6.315280	 1.802234
6.324720	 1.798437
6.334160	 1.801278
6.343600	 1.804108
6.353040	 1.800331
6.362480	 1.803171
6.371920	 1.805998
6.381360	 1.802241
6.390800	 1.805078
6.400240	 1.801339
6.409680	 1.804186
6.419120	 1.807021
6.428560	 1.803300
6.438000	 1.806145
6.447440	 1.808979
6.456880	 1.805277
6.466320	 1.808120
6.475760	 1.804435
6.485070	 1.807287
6.494380	 1.810127
6.503700	 1.812955
6.522580	 1.815791
6.541460	 1.817713
6.560340	 1.819666
6.579220	 1.821630
6.598100	 1.823605
6.616980	 1.825592
6.635860	 1.827608
6.654740	 1.829635
6.673620	 1.831672
6.692500	 1.833739
6.711380	 1.835817
6.730260	 1.837905
6.749140	 1.840004
6.768020	 1.842131
6.786900	 1.844269
6.805780	 1.846417
6.824660	 1.848594
6.843540	 1.850781
6.862420	 1.852977
6.881300	 1.855184
6.900180	 1.857418
6.919060	 1.859663
6.937940	 1.861916
6.956820	 1.864198
6.975700	 1.866489
6.994580	 1.868790
7.013460	 1.871118
7.032340	 1.873455
7.051220	 1.875802
7.070100	 1.878175
7.088980	 1.880558
7.107860	 1.882949
7.126740	 1.885368
7.145620	 1.887795
7.164500	 1.890231
7.183380	 1.892693
7.202260	 1.895164
7.221140	 1.897643
7.240020	 1.900149
7.258900	 1.902663
7.277780	 1.905185
7.296660	 1.907733
7.315540	 1.910289
7.334420	 1.912853
7.353300	 1.915443
7.372180	 1.918041
7.391060	 1.920647
7.409940	 1.923278
7.428820	 1.925916
7.447700	 1.928563
7.466580	 1.931234
7.485460	 1.933913
7.504340	 1.936600
7.523220	 1.939311
7.542100	 1.942029
7.560980	 1.944755
7.579860	 1.947505
7.598740	 1.950263
7.617620	 1.953027
7.636500	 1.955816
7.655380	 1.958612
7.674260	 1.961415
7.693140	 1.964241
7.712020	 1.967075
7.730900	 1.969932
7.749780	 1.972796
7.768660	 1.975666
7.787540	 1.978560
7.806420	 1.981460
7.825300	 1.984367
7.844180	 1.987297
7.863060	 1.990234
7.881940	 1.993193
7.900820	 1.996159
7.919700	 1.999131
7.938580	 2.002126
7.957460	 2.005126
7.976340	 2.008133
7.995220	 2.011162
8.014100	 2.014198
8.032980	 2.017255
8.051860	 2.020318
8.070740	 2.023404
8.089620	 2.026495
8.108500	 2.029608
8.127380	 2.032727
8.146260	 2.035868
8.165140	 2.039014
8.184020	 2.042182
8.202900	 2.045355
8.221780	 2.048549
8.240660	 2.051749
8.259540	 2.054970
8.278420	 2.058196
8.297300	 2.061444
8.316180	 2.064696
8.335060	 2.067970
8.353940	 2.071248
8.372820	 2.074547
8.391700	 2.077851
8.410580	 2.081176
8.429460	 2.084505
8.448340	 2.087855
8.467220	 2.091209
8.486100	 2.094584
8.504980	 2.097964
8.523860	 2.101363
8.542740	 2.104767
8.561620	 2.108191
8.580500	 2.111620
8.599380	 2.115068
8.618260	 2.118521
8.637140	 2.121993
8.656020	 2.125470
8.674900	 2.128966
8.693780	 2.132466
8.712660	 2.135986
8.731540	 2.139509
8.750420	 2.143052
8.769300	 2.146599
8.788180	 2.150165
8.807060	 2.153735
8.825940	 2.157324
8.844820	 2.160916
8.863700	 2.164515
8.882580	 2.168118
8.901460	 2.171725
8.920340	 2.175335
8.939220	 2.178948
8.958100	 2.182565
8.976980	 2.186186
8.995860	 2.189810
9.014740	 2.193438
9.033620	 2.197069
9.052500	 2.200704
9.071380	 2.204342
9.090260	 2.207983
9.109140	 2.211628
9.128020	 2.215276
9.146900	 2.218928
9.165780	 2.222583
9.184660	 2.226242
9.203540	 2.222745
9.222420	 2.226437
9.241300	 2.230131
9.260180	 2.226645
9.279060	 2.230372
9.297940	 2.234102
9.316820	 2.230625
9.335700	 2.234388
9.354580	 2.230922
9.373460	 2.234716
9.392340	 2.238513
9.411220	 2.235056
9.430100	 2.238885
9.448980	 2.235439
9.467860	 2.239298
9.486740	 2.243161
9.505620	 2.239724
9.524500	 2.243617
9.543380	 2.247513
9.562260	 2.244085
9.581140	 2.248012
9.600020	 2.251940
9.618900	 2.255871
9.637780	 2.259805
9.656660	 2.263741
9.675540	 2.267679
9.694420	 2.271620
9.713300	 2.275563
9.732180	 2.279508
9.751060	 2.283456
9.769940	 2.287406
9.788820	 2.291358
9.807700	 2.287932
9.826580	 2.291914
9.845460	 2.295898
9.864340	 2.299885
9.883220	 2.296466
9.902100	 2.300482
9.920980	 2.304500
9.939860	 2.308520
9.958740	 2.305109
9.977620	 2.309158
9.996500	 2.313209
5.912550	 2.311211
5.921990	 2.309219
5.931430	 2.307232
5.940870	 2.305252
5.950310	 2.303277
5.959750	 2.301308
5.969190	 2.299345
5.978630	 2.297387
5.988070	 2.295435
5.997510	 2.293489
6.006950	 2.291549
6.016390	 2.289614
6.025830	 2.287685
6.035270	 2.285761
6.044710	 2.283843
6.054150	 2.281930
6.063590	 2.280023
6.073030	 2.278122
6.082470	 2.276226
6.091910	 2.274333
6.101350	 2.272432
6.110790	 2.270523
6.120230	 2.268606
6.129670	 2.266682
6.139110	 2.264749
6.148550	 2.262808
6.157990	 2.260859
6.167430	 2.258903
6.176870	 2.256938
6.186310	 2.254966
6.195750	 2.252986
6.205190	 2.250998
6.214630	 2.249003
6.224070	 2.247000
6.233510	 2.244989
6.242950	 2.242971
6.252390	 2.240945
6.261830	 2.238912
6.271270	 2.236897
6.280710	 2.234875
6.290150	 2.232846
6.299590	 2.230835
6.309030	 2.228817
6.318470	 2.226791
6.327910	 2.224784
6.337350	 2.222769
6.346790	 2.220747
6.356230	 2.218744
6.365670	 2.216733
6.375110	 2.214727
6.384550	 2.212727
6.393990	 2.210732
6.403430	 2.208200
6.412870	 2.205674
6.422310	 2.203155
6.431750	 2.200643
6.441190	 2.198138
6.450630	 2.195640
6.460070	 2.193148
6.469510	 2.190664
6.478950	 2.188186
6.488390	 2.185714
6.497830	 2.183250
6.507270	 2.180792
6.516710	 2.178340
6.526150	 2.175896
6.535590	 2.173458
6.545030	 2.171026
6.554470	 2.168601
6.563910	 2.166182
6.573350	 2.163770
6.582790	 2.161365
6.592230	 2.158965
6.601670	 2.156572
6.611110	 2.154186
6.620550	 2.151806
6.629990	 2.149432
6.639430	 2.147064
6.648870	 2.144703
6.658310	 2.142348
6.667750	 2.139999
6.677190	 2.137656
6.686630	 2.135320
6.696070	 2.132989
6.705510	 2.130665
6.714950	 2.128347
6.724390	 2.126035
6.733830	 2.123729
6.743270	 2.121429
6.752710	 2.119135
6.762150	 2.116847
6.771590	 2.114577
6.781030	 2.112313
6.790470	 2.110067
6.799910	 2.107827
6.809350	 2.105605
6.818790	 2.103389
6.828230	 2.101191
6.837670	 2.098998
6.847110	 2.096823
6.856550	 2.094654
6.865990	 2.092502
6.875430	 2.090356
6.884870	 2.088228
6.894310	 2.086104
6.903750	 2.083999
6.913190	 2.081899
6.922630	 2.079816
6.932070	 2.077738
6.941510	 2.075678
6.950950	 2.073624
6.960390	 2.071586
6.969830	 2.069554
6.979270	 2.067515
6.988710	 2.065493
6.998150	 2.063464
7.007590	 2.061452
7.017030	 2.059434
7.026470	 2.057432
7.035910	 2.055424
7.045350	 2.053432
7.054790	 2.051434
7.064230	 2.049452
7.073670	 2.047464
7.083110	 2.045492
7.092550	 2.043513
7.101990	 2.041551
7.111430	 2.039583
7.120870	 2.037630
7.130310	 2.035671
7.139750	 2.033729
7.149190	 2.031780
7.158630	 2.029847
7.168070	 2.027907
7.177510	 2.025983
7.186950	 2.024053
7.196390	 2.022139
7.205830	 2.020219
7.215270	 2.018314
7.224710	 2.016403
7.234150	 2.014484
7.243590	 2.012559
7.253030	 2.010627
7.262470	 2.008689
7.271910	 2.006743
7.281350	 2.004791
7.290790	 2.002832
7.300230	 2.000889
7.309670	 1.998940
7.319110	 1.996983
7.328550	 1.995021
7.337990	 1.993051
7.347430	 1.991098
7.356870	 1.989138
7.366310	 1.987194
7.375750	 1.985243
7.385190	 1.983308
7.394630	 1.981367
7.404070	 1.979441
7.413510	 1.977509
7.422950	 1.975593
7.432390	 1.973670
7.441830	 1.971763
7.451270	 1.969849
7.460710	 1.967951
7.470150	 1.966047
7.479590	 1.964158
7.489030	 1.962262
7.498470	 1.960382
7.507910	 1.958495
7.517350	 1.956624
7.526790	 1.954746
7.536230	 1.952884
7.545670	 1.951015
7.555110	 1.949161
7.564550	 1.947301
7.573990	 1.945456
7.583430	 1.943604
7.592870	 1.941768
7.602310	 1.939925
7.611750	 1.938097
7.621190	 1.936263
7.630630	 1.934443
7.640070	 1.932617
7.649510	 1.930807
7.658950	 1.928989
7.668390	 1.927187
7.677830	 1.925378
7.687270	 1.923584
7.696710	 1.921783
7.706150	 1.919997
7.715590	 1.918204
7.725030	 1.916427
7.734470	 1.914643
7.743910	 1.912873
7.753350	 1.911097
7.762790	 1.909336
7.772230	 1.907568
7.781670	 1.905814
7.791110	 1.904054
7.800550	 1.902309
7.809990	 1.900557
7.819430	 1.898820
7.828870	 1.897076
7.838310	 1.895346
7.847750	 1.893610
7.857190	 1.891889
7.866630	 1.890160
7.876070	 1.888446
7.885510	 1.886726
7.894950	 1.885020
7.904390	 1.883307
7.913830	 1.881609
7.923270	 1.879903
7.932710	 1.878213
7.942150	 1.876515
7.951590	 1.874832
7.961030	 1.873142
7.970470	 1.871466
7.979910	 1.869784
7.989350	 1.868115
7.998790	 1.866440
8.008230	 1.864780
8.017670	 1.863112
8.027110	 1.861459
8.036550	 1.859798
8.045990	 1.858152
8.055430	 1.856520
8.064870	 1.854882
8.074310	 1.853257
8.083750	 1.851625
8.093190	 1.850007
8.102630	 1.848383
8.112070	 1.846772
8.121510	 1.845155
8.130950	 1.843551
8.140390	 1.841941
8.149830	 1.840345
8.159270	 1.838741
8.168710	 1.837152
8.178150	 1.835556
8.187590	 1.833973
8.197030	 1.832384
8.206470	 1.830808
8.215910	 1.829225
8.225350	 1.827657
8.234790	 1.826081
8.244230	 1.824519
8.253670	 1.822950
8.263110	 1.821395
8.272550	 1.819832
8.281990	 1.818284
8.291430	 1.816728
8.300870	 1.815186
8.310310	 1.813638
8.319750	 1.812102
8.329190	 1.810560
8.338630	 1.809031
8.348070	 1.807496
8.357510	 1.805974
8.366950	 1.804445
8.376390	 1.802929
8.385830	 1.801406
8.395270	 1.799897
8.404710	 1.798381
8.414150	 1.796878
8.423590	 1.795368
8.433030	 1.793872
8.442470	 1.792369
8.451910	 1.790878
8.461350	 1.789381
8.470790	 1.787897
8.480230	 1.786407
8.489670	 1.784929
8.499110	 1.783445
8.508550	 1.781973
8.517990	 1.780495
8.527430	 1.779030
8.536870	 1.777558
8.546310	 1.776099
8.555750	 1.774633
8.565190	 1.773180
8.574630	 1.771720
8.584070	 1.770273
8.593510	 1.768819
8.602950	 1.767378
8.612390	 1.765930
8.621830	 1.764495
8.631270	 1.763053
8.640710	 1.761624
8.650150	 1.760189
8.659590	 1.758765
8.669030	 1.757336
8.678470	 1.755918
8.687910	 1.754494
8.697350	 1.753083
8.706790	 1.751665
8.716230	 1.750259
8.725670	 1.748846
8.735110	 1.747447
8.744550	 1.746040
8.753990	 1.744646
8.763430	 1.743245
8.772870	 1.741856
8.782310	 1.740461
8.791750	 1.739078
8.801190	 1.737689
8.810630	 1.736312
8.820070	 1.734928
8.829510	 1.733556
8.838950	 1.732178
8.848390	 1.730812
8.857830	 1.729439
8.867270	 1.728078
8.876710	 1.726711
8.886150	 1.725356
8.895590	 1.724013
8.905030	 1.722664
8.914470	 1.721326
8.923910	 1.719982
8.933350	 1.718650
8.942790	 1.717311
8.952230	 1.715984
8.961670	 1.714651
8.971110	 1.713330
8.980550	 1.712001
8.989990	 1.710685
8.999430	 1.709362
9.008870	 1.708051
9.018310	 1.706734
9.027750	 1.705428
9.037190	 1.704116
9.046630	 1.702815
9.056070	 1.701508
9.065510	 1.700213
9.074950	 1.698910
9.084390	 1.697620
9.093830	 1.696323
9.103270	 1.695038
9.112710	 1.693746
9.122150	 1.692466
9.131590	 1.691179
9.141030	 1.689904
9.150470	 1.688622
9.159910	 1.687352
9.169350	 1.686075
9.178790	 1.684810
9.188230	 1.683539
9.197670	 1.682278
9.207110	 1.681011
9.216550	 1.679756
9.225990	 1.678494
9.235430	 1.677244
9.244870	 1.675987
9.254310	 1.674741
9.263750	 1.673489
9.273190	 1.672248
9.282630	 1.671001
9.292070	 1.669765
9.301510	 1.668522
9.310950	 1.667291
9.320390	 1.666053
9.329830	 1.664827
9.339270	 1.663594
9.348710	 1.662372
9.358150	 1.661144
9.367590	 1.659927
9.377030	 1.658703
9.386470	 1.657491
9.395910	 1.656272
9.405350	 1.655064
9.414790	 1.653850
9.424230	 1.652647
9.433670	 1.651437
9.443110	 1.650238
9.452550	 1.649033
9.461990	 1.647839
9.471430	 1.646639
9.480870	 1.645449
9.490310	 1.644253
9.499750	 1.643068
9.509190	 1.641877
9.518630	 1.640696
9.528070	 1.639509
9.537510	 1.638333
9.546950	 1.637150
9.556390	 1.635979
9.565830	 1.634801
9.575270	 1.633633
9.584710	 1.632460
9.594150	 1.631297
9.603590	 1.630127
9.613030	 1.628969
9.622470	 1.627804
9.631910	 1.626650
9.641350	 1.625489
9.650790	 1.624339
9.660230	 1.623183
9.669670	 1.622037
9.679110	 1.620885
9.688550	 1.619744
9.697990	 1.618596
9.707430	 1.617459
9.716870	 1.616315
9.726310	 1.615182
9.735750	 1.614043
9.745190	 1.612914
9.754630	 1.611797
9.764070	 1.610672
9.773510	 1.609558
9.782950	 1.608438
9.792390	 1.607328
9.801830	 1.606212
9.811270	 1.605107
9.820710	 1.603994
9.830150	 1.602893
9.839590	 1.601785
9.849030	 1.600687
9.858470	 1.599583
9.867910	 1.598490
9.877350	 1.597390
9.886790	 1.596300
9.896230	 1.595204
9.905670	 1.594119
9.915110	 1.593026
9.924550	 1.591945
9.933990	 1.590857
9.943430	 1.589779
9.952870	 1.588695
9.962310	 1.587621
9.971750	 1.586541
9.981190	 1.585471
9.990630	 1.584394
