0.005928    75573.549258 
0.011856    47612.927312 
0.011856    62540.191642 
0.033024    66673.836577 
0.033024    65129.724967 
0.062768    65648.958363 
0.062768    63923.596965 
0.062768    61444.545064 
0.092512    60071.817650 
0.092512    58165.626260 
0.092512    56079.096423 
0.112816    54371.940083 
0.112816    52585.180676 
0.112816    50806.497472 
0.131696    49264.972029 
0.131696    47743.114667 
0.131696    46267.062694 
0.150576    44955.016496 
0.150576    43681.737304 
0.150576    42455.929448 
0.169456    41346.865198 
0.169456    40276.399060 
0.169456    39247.432557 
0.188336    38304.213263 
0.188336    37394.926088 
0.188336    36520.353235 
0.207216    35710.563556 
0.207216    34929.536568 
0.207216    34177.252263 
0.226096    33475.120244 
0.226096    32797.136595 
0.226096    32142.988788 
0.244976    31528.486303 
0.244976    30934.269517 
0.244976    30359.939509 
0.263856    29817.516723 
0.263856    29292.215080 
0.263856    28783.633149 
0.282736    28301.132342 
0.282736    27833.173786 
0.282736    27379.385936 
0.301616    26947.207032 
0.301616    26527.465126 
0.301616    26119.828804 
0.320496    25730.309653 
0.320496    25351.500415 
0.320496    24983.110594 
0.339376    24630.070348 
0.339376    24286.314156 
0.339376    23951.589414 
0.358256    23629.991132 
0.358256    23316.490731 
0.358256    23010.870170 
0.377136    22716.568888 
0.377136    22429.374240 
0.377136    22149.096377 
0.396016    21878.652826 
0.396016    21614.479661 
0.396016    21356.412074 
0.414896    21106.946740 
0.414896    20863.042377 
0.414896    20624.555562 
0.433776    20393.639758 
0.433776    20167.679347 
0.433776    19946.549151 
0.452656    19732.119870 
0.452656    19522.125999 
0.452656    19316.457927 
0.471536    19116.751248 
0.471536    18921.031012 
0.471536    18729.200913 
0.490416    18542.699429 
0.490416    18359.794711 
0.490416    18180.401861 
0.509296    18005.792820 
0.509296    17834.440674 
0.509296    17666.270323 
0.528176    17502.412033 
0.528176    17341.512836 
0.528176    17183.506083 
0.547056    17029.400731 
0.547056    16877.992404 
0.547056    16729.221757 
0.565936    16583.993270 
0.565936    16441.230239 
0.565936    16300.879667 
0.584816    16163.755544 
0.584816    16028.891479 
0.584816    15896.239993 
0.603696    15766.536319 
0.603696    15638.909851 
0.603696    15513.317936 
0.622576    15390.426923 
0.622576    15269.449782 
0.622576    15150.348089 
0.641456    15033.727682 
0.641456    14918.874773 
0.641456    14805.754659 
0.660336    14694.919799 
0.660336    14585.720865 
0.660336    14478.126430 
0.679216    14372.641689 
0.679216    14268.674261 
0.679216    14166.195617 
0.698096    14065.668948 
0.698096    13966.552366 
0.698096    13868.819916 
0.716976    13772.897327 
0.716976    13678.287643 
0.716976    13584.967198 
0.735856    13493.328201 
0.735856    13402.913812 
0.735856    13313.702402 
0.754736    13226.056105 
0.754736    13139.553998 
0.754736    13054.176277 
0.773616    12970.258005 
0.773616    12887.410519 
0.773616    12805.615651 
0.792496    12725.184030 
0.792496    12645.756051 
0.792496    12567.315012 
0.811376    12490.149437 
0.811376    12413.925956 
0.811376    12338.629190 
0.830256    12264.527610 
0.830256    12191.311599 
0.830256    12118.966970 
0.849136    12047.743963 
0.849136    11977.354513 
0.849136    11907.785512 
0.868016    11839.270586 
0.868016    11771.541274 
0.868016    11704.585445 
0.886896    11638.621553 
0.886896    11573.399006 
0.886896    11508.906558 
0.905776    11445.348783 
0.905776    11382.491407 
0.905776    11320.323994 
0.924656    11259.038387 
0.924656    11198.415251 
0.924656    11138.444882 
0.943536    11079.307435 
0.943536    11020.797268 
0.943536    10962.905350 
0.962416    10905.801078 
0.962416    10849.291391 
0.962416    10793.367871 
0.981296    10738.189998 
0.981296    10683.576291 
0.981296    10629.518892 
1.000180    10576.168160 
1.000180    10523.353249 
1.000180    10471.066820 
1.019060    10419.450730 
1.019060    10368.344022 
1.019060    10317.739827 
1.037940    10267.772164 
1.037940    10218.289186 
1.037940    10169.284461 
1.056820    10120.884732 
1.056820    10072.946593 
1.056820    10025.463198 
1.075700    9978.619193 
1.075700    9932.276124 
1.075700    9886.425570 
1.094580    9841.182977 
1.094580    9796.414046 
1.094580    9752.110976 
1.113460    9708.386547 
1.113460    9665.110418 
1.113460    9622.275354 
1.132340    9579.991543 
1.132340    9538.131614 
1.132340    9496.689672 
1.151220    9455.773369 
1.151220    9415.259753 
1.151220    9375.142585 
1.170100    9335.526296 
1.170100    9296.292165 
1.170100    9257.434387 
1.188980    9219.055776 
1.188980    9181.040129 
1.188980    9143.382037 
1.207860    9106.182007 
1.207860    9069.326986 
1.207860    9032.811934 
1.226740    8996.735115 
1.226740    8960.986493 
1.226740    8925.561367 
1.245620    8890.555824 
1.245620    8855.862723 
1.245620    8821.477672 
1.264500    8787.494645 
1.264500    8753.809279 
1.264500    8720.417467 
1.283380    8687.411130 
1.283380    8654.688573 
1.283380    8622.245954 
1.302260    8590.173199 
1.302260    8558.371177 
1.302260    8526.836290 
1.321140    8495.656527 
1.321140    8464.735222 
1.321140    8434.069004 
1.340020    8403.743979 
1.340020    8373.665855 
1.340020    8343.831468 
1.358900    8314.325100 
1.358900    8285.054740 
1.358900    8256.017418 
1.377780    8227.295642 
1.377780    8198.799600 
1.377780    8170.526504 
1.396660    8142.557134 
1.396660    8114.803802 
1.396660    8087.263886 
1.415540    8060.016489 
1.415540    8032.975969 
1.415540    8006.139861 
1.434420    7979.585637 
1.434420    7953.229630 
1.434420    7927.069519 
1.453300    7901.181193 
1.453300    7875.482890 
1.453300    7849.972425 
1.472180    7824.724146 
1.472180    7799.658134 
1.472180    7774.772329 
1.491060    7750.139581 
1.491060    7725.681750 
1.491060    7701.396896 
1.509940    7677.356409 
1.509940    7653.483874 
1.509940    7629.777457 
1.528820    7606.307133 
1.528820    7582.998151 
1.528820    7559.848781 
1.547700    7536.927617 
1.547700    7514.161521 
1.547700    7491.548858 
1.566580    7469.156882 
1.566580    7446.914014 
1.566580    7424.818708 
1.585460    7402.936913 
1.585460    7381.198562 
1.585460    7359.602193 
1.604340    7338.212482 
1.604340    7316.960828 
1.604340    7295.845848 
1.623220    7274.930979 
1.623220    7254.149042 
1.623220    7233.498725 
1.642100    7213.042262 
1.642100    7192.713850 
1.642100    7172.512246 
1.660980    7152.498511 
1.660980    7132.608176 
1.660980    7112.840066 
1.679860    7093.254095 
1.679860    7073.787093 
1.679860    7054.437944 
1.698740    7035.265449 
1.698740    7016.207696 
1.698740    6997.263627 
1.717620    6978.490958 
1.717620    6959.828996 
1.717620    6941.276740 
1.736500    6922.890846 
1.736500    6904.611809 
1.736500    6886.438678 
1.755380    6868.427079 
1.755380    6850.518659 
1.755380    6832.712516 
1.774260    6815.063268 
1.774260    6797.513687 
1.774260    6780.062911 
1.793140    6762.764583 
1.793140    6745.562560 
1.793140    6728.456026 
1.812020    6711.497665 
1.812020    6694.632397 
1.812020    6677.859444 
1.830900    6661.230557 
1.830900    6644.691687 
1.830900    6628.242095 
1.849780    6611.932622 
1.849780    6595.710221 
1.849780    6579.574191 
1.868660    6563.574482 
1.868660    6547.659026 
1.868660    6531.827153 
1.887540    6516.127950 
1.887540    6500.510297 
1.887540    6484.973559 
1.906420    6469.565973 
1.906420    6454.237347 
1.906420    6438.987076 
1.925300    6423.862571 
1.925300    6408.814543 
1.925300    6393.842414 
1.944180    6378.992789 
1.944180    6364.217259 
1.944180    6349.515271 
1.963060    6334.932644 
1.963060    6320.421824 
1.971070    6306.001744 
1.981940    6291.678473 
1.989950    6277.444145 
1.999390    6263.301357 
2.008830    6249.249228 
2.018270    6235.286888 
2.027710    6221.413481 
2.037150    6207.628159 
2.046590    6193.930085 
2.056030    6180.318435 
2.065470    6166.792393 
2.074910    6153.351153 
2.084350    6139.993922 
2.093790    6126.719913 
2.103230    6113.528351 
2.112670    6100.418470 
2.122110    6087.389515 
2.131550    6074.440738 
2.140990    6061.571402 
4.647590    6340.526841 
2.150430    6326.903216 
2.159870    6313.362410 
2.169310    6299.903670 
2.178750    6286.526251 
2.188190    6273.229419 
2.197630    6260.012448 
2.207070    6246.874620 
2.216510    6233.815227 
2.225950    6220.833569 
2.235390    6207.928953 
2.244830    6195.100696 
4.760870    6463.787715 
2.254270    6450.261786 
2.263710    6436.815188 
2.273150    6423.447225 
2.282590    6410.157210 
2.292030    6396.944462 
4.817510    6660.373608 
2.301470    6646.493968 
2.310910    6632.694325 
2.320350    6618.973991 
2.329790    6605.332284 
2.339230    6591.768529 
2.348670    6578.282060 
4.883590    6835.957395 
2.358110    6821.836031 
2.367550    6807.794448 
2.376990    6793.831973 
2.386430    6779.947939 
2.395870    6766.141687 
2.405310    6752.412564 
4.949670    7004.578546 
2.414750    6990.244341 
2.424190    6975.989810 
2.433630    6961.814033 
2.443070    6947.716360 
4.996870    7148.776359 
2.452510    7134.225330 
2.461950    7119.754050 
2.471390    7105.343233 
2.480830    7090.992521 
5.072390    7263.832174 
2.490270    7249.077122 
2.499710    7234.384062 
2.509150    7219.752622 
2.518590    7205.182429 
5.166790    7375.406071 
2.528030    7360.447896 
2.537470    7345.552698 
2.546910    7330.720091 
2.556350    7315.949694 
5.261190    7483.635380 
2.565790    7468.492435 
2.575230    7453.413284 
2.584670    7438.397532 
2.594110    7423.444791 
5.355590    7588.667134 
2.603550    7573.356421 
2.612990    7558.110168 
2.622430    7542.927976 
5.431110    7706.139050 
2.631870    7690.611002 
2.641310    7675.148355 
2.650750    7659.750701 
5.506630    7820.998338 
2.660190    7805.266396 
2.669630    7789.600685 
2.679070    7774.000790 
5.582150    7933.331153 
2.688510    7917.408021 
2.697950    7901.564738 
2.707390    7885.800870 
5.629350    8066.420257 
2.716830    8050.310942 
2.726270    8034.281772 
2.735710    8018.331975 
5.667110    8218.506621 
2.745150    8202.167965 
2.754590    8185.909620 
2.764030    8169.731168 
5.704870    8388.138690 
2.773470    8371.532363 
2.782910    8355.007042 
5.733190    8571.369555 
2.792350    8554.427042 
2.801790    8537.566576 
2.811230    8520.787561 
5.770950    8734.665181 
2.820670    8717.480867 
2.830110    8700.378971 
5.799270    8912.291940 
2.839550    8894.794725 
2.848990    8877.380829 
2.858430    8860.049660 
5.837030    9069.575609 
2.867870    9051.860202 
2.877310    9034.228359 
5.865350    9241.865468 
2.886750    9223.858719 
2.896190    9205.936310 
2.905630    9188.097650 
5.903110    9393.440080 
2.915070    9375.236854 
2.924510    9357.118098 
5.931430    9560.643287 
2.933950    9542.168699 
2.943390    9523.779247 
5.959750    9725.517686 
2.952830    9706.780881 
2.962270    9688.129829 
5.988070    9888.111267 
2.971710    9869.121095 
2.981150    9850.217242 
6.016390    10048.470717 
2.990590    10029.235739 
3.000030    10010.087601 
6.044710    10206.641457 
3.009470    10187.169960 
3.018910    10167.785778 
6.073030    10362.667689 
3.028350    10342.967692 
3.037790    10323.355446 
6.101350    10516.592433 
3.047230    10496.671702 
3.056670    10476.839115 
6.129670    10668.457571 
3.066110    10648.323622 
3.075550    10628.278174 
6.157990    10818.303880 
3.084990    10797.963994 
3.094430    10777.712928 
6.186310    10966.171069 
3.103870    10945.632296 
3.113310    10925.182628 
6.214630    11112.097817 
3.122750    11091.366985 
3.132190    11070.725511 
6.242950    11256.121800 
3.141630    11235.205527 
3.151070    11214.378832 
6.271270    11398.279731 
3.160510    11377.184427 
3.169950    11356.178890 
6.299590    11538.607384 
3.179390    11517.339260 
6.318470    11698.655667 
3.188830    11677.130129 
3.198270    11655.695225 
6.346790    11835.578218 
3.207710    11813.891629 
3.217150    11792.295780 
6.375110    11970.766978 
3.226590    11948.925020 
6.393990    12126.328502 
3.236030    12104.245259 
3.245470    12082.253457 
6.422310    12258.281859 
3.254910    12236.054080 
3.264350    12213.917774 
6.450630    12388.591454 
3.273790    12366.224340 
6.469510    12539.872143 
3.283230    12517.278843 
3.292670    12494.777694 
3.302110    12472.368126 
3.311550    12450.040707 
3.775920    12428.281381 
3.775920    12406.586671 
3.785360    12384.967932 
3.794800    12363.424782 
3.804240    12341.956842 
3.804240    12320.552600 
3.813680    12299.222935 
3.823120    12277.967473 
3.823120    12256.775065 
3.832560    12235.656234 
3.842000    12214.610611 
3.851440    12193.637830 
3.851440    12172.727178 
3.860880    12151.888751 
3.870320    12131.122187 
3.870320    12110.417102 
3.879760    12089.783269 
3.889200    12069.220333 
3.898640    12048.727942 
3.898640    12028.296105 
3.908080    12007.934209 
3.917520    11987.641909 
3.917520    11967.409511 
3.926960    11947.246113 
3.936400    11927.151371 
3.936400    11907.115881 
3.945840    11887.148458 
3.955280    11867.248767 
3.955280    11847.407677 
3.964720    11827.633736 
3.974160    11807.926612 
3.974160    11788.277440 
3.983600    11768.694511 
3.993040    11749.177497 
3.993040    11729.717788 
4.002480    11710.323428 
4.011920    11690.994094 
4.011920    11671.721420 
4.021360    11652.513212 
4.030800    11633.369155 
4.030800    11614.281115 
4.040240    11595.256672 
4.049680    11576.295516 
4.049680    11557.389738 
4.059120    11538.546700 
4.068560    11519.766096 
4.068560    11501.040236 
4.078000    11482.376272 
4.087440    11463.773902 
4.087440    11445.225644 
4.096880    11426.738450 
4.106320    11408.312023 
4.106320    11389.939082 
4.115760    11371.626385 
4.125200    11353.373639 
4.125200    11335.173758 
4.134640    11317.033312 
4.144080    11298.952014 
4.144080    11280.922965 
4.153520    11262.952555 
4.162960    11245.040501 
4.162960    11227.180085 
4.172400    11209.377524 
4.172400    11191.626228 
4.181840    11173.932288 
4.191280    11156.295430 
4.191280    11138.709234 
4.200720    11121.179629 
4.210160    11103.706346 
4.210160    11086.283128 
4.219600    11068.915747 
4.219600    11051.598064 
4.229040    11034.335739 
4.238480    11017.128511 
4.238480    10999.970392 
4.247920    10982.866897 
4.257360    10965.817767 
4.257360    10948.817166 
4.266800    10931.870464 
4.266800    10914.971931 
4.276240    10898.126837 
4.276240    10881.329554 
4.285680    10864.585253 
4.285680    10847.888408 
4.295120    10831.244092 
4.295120    10814.646877 
4.304560    10798.101744 
4.304560    10781.603359 
4.314000    10765.156612 
4.314000    10748.756262 
4.323440    10732.407110 
4.323440    10716.104006 
4.332880    10699.851665 
4.332880    10683.645026 
4.342320    10667.488718 
4.342320    10651.377766 
4.351760    10635.316718 
4.351760    10619.300685 
4.361200    10603.334131 
4.361200    10587.412251 
4.370640    10571.539432 
4.370640    10555.710948 
4.380080    10539.931109 
4.380080    10524.195269 
4.389520    10508.507664 
4.389520    10492.863723 
4.398960    10477.267610 
4.398960    10461.714829 
4.408400    10446.209472 
4.408400    10430.747119 
4.417840    10415.331789 
4.417840    10399.959136 
4.427280    10384.633112 
4.427280    10369.349439 
4.436720    10354.112002 
4.436720    10338.916595 
4.446160    10323.767036 
4.446160    10308.659186 
4.455600    10293.596800 
4.455600    10278.575806 
4.465040    10263.599895 
4.465040    10248.665060 
4.474480    10233.774933 
4.482110    10218.928592 
4.491550    10204.126564 
4.500990    10189.368648 
4.510430    10174.654648 
4.519870    10159.984366 
4.529310    10145.357609 
4.538750    10130.774181 
4.548190    10116.233889 
4.557630    10101.736543 
4.567070    10087.281951 
4.576510    10072.869923 
4.585950    10058.500272 
4.595390    10044.172809 
4.604830    10029.887350 
4.614270    10015.643707 
4.623710    10001.441698 
4.633150    9987.281140 
4.642590    9973.161849 
9.197670    10069.060531 
4.652030    10054.846967 
4.661470    10040.674699 
9.254310    10136.016627 
4.670910    10121.751812 
4.680350    10107.528314 
9.310950    10202.319728 
4.689790    10188.005372 
9.348710    10282.376786 
4.699230    10267.973047 
4.708670    10253.610827 
9.405350    10347.442427 
4.718110    10332.992445 
9.443110    10426.411939 
4.727550    10411.875619 
4.736990    10397.380992 
9.499750    10490.271074 
4.746430    10475.691667 
4.755870    10461.153941 
9.556390    10553.520410 
4.765310    10538.899430 
4.774750    10524.320114 
4.784190    10509.782281 
4.793630    10495.285756 
4.803070    10480.830359 
4.812510    10466.415916 
4.821950    10452.042253 
4.831390    10437.709194 
4.840830    10423.416567 
4.850270    10409.164201 
4.859710    10394.951923 
4.869150    10380.779566 
9.801830    10471.466290 
4.878590    10457.213629 
4.888030    10443.000872 
4.897470    10428.827848 
9.877350    10518.902359 
4.906910    10504.650579 
4.916350    10490.438512 
4.925790    10476.265992 
9.952870    10565.736449 
4.935230    10551.486678 
4.944670    10537.276428 
4.954110    10528.973624 
4.963550    10520.695276 
4.972990    10512.441277 
4.982430    10504.211518 
4.991870    10496.005893 
5.001310    10487.824297 
5.010750    10479.666623 
5.020190    10471.532767 
5.029630    10463.422625 
5.039070    10455.336094 
5.048510    10447.273070 
5.057950    10439.233450 
5.067390    10431.217134 
5.076830    10423.224021 
5.086270    10415.254008 
5.095710    10407.306997 
5.105150    10399.382888 
5.114590    10391.481583 
5.124030    10383.602982 
5.134900    10375.757510 
5.153780    10368.004673 
5.172660    10360.345482 
5.191540    10352.780988 
5.210420    10345.312278 
5.229300    10337.940480 
5.248180    10330.666765 
5.267060    10323.492346 
5.285940    10316.418483 
5.304820    10309.446483 
5.323700    10302.577701 
5.342580    10295.813545 
5.361460    10289.155477 
5.380340    10282.605014 
5.399220    10276.163735 
5.418100    10269.833276 
5.436980    10263.615341 
5.455860    10257.511700 
5.474740    10251.524194 
5.474740    10245.454489 
5.493620    10239.500500 
5.512500    10233.664140 
5.512500    10227.743112 
5.531380    10221.939293 
5.550260    10216.254670 
5.550260    10210.482840 
5.569140    10204.829787 
5.588020    10199.297574 
5.588020    10193.675544 
5.606900    10188.173934 
5.616460    10182.688809 
5.625900    10177.218752 
5.635340    10171.763703 
6.041520    10175.634857 
6.050960    10179.495421 
6.060400    10183.345436 
6.069840    10187.184946 
6.079280    10191.013995 
6.088720    10194.832624 
6.098160    10198.640877 
6.107600    10202.438795 
6.117040    10206.226421 
6.126480    10210.003796 
6.135920    10213.770962 
6.145360    10217.527960 
6.154800    10221.274832 
6.164240    10225.011618 
6.173680    10228.738358 
6.183120    10232.455094 
6.192560    10236.161866 
6.202000    10239.858713 
6.211440    10243.545675 
6.220880    10247.222792 
6.230320    10250.890104 
6.239760    10254.547649 
6.249200    10258.195467 
6.258640    10261.833596 
6.268080    10265.462075 
6.277520    10269.080942 
6.286960    10272.690235 
6.296400    10276.289993 
6.305840    10279.880252 
6.315280    10283.461051 
6.324720    10287.032427 
6.334160    10290.594416 
6.343600    10294.147057 
6.353040    10297.690385 
6.362480    10301.224438 
6.371920    10304.749251 
6.381360    10308.264862 
6.390800    10311.771305 
6.400240    10315.268616 
6.400240    10318.327168 
6.409680    10321.377776 
6.409680    10324.013168 
6.419120    10326.641734 
6.419120    10328.876905 
6.428560    10331.106301 
6.428560    10332.962564 
6.438000    10334.814043 
6.438000    10336.311232 
6.447440    10337.804573 
6.447440    10338.961178 
6.456880    10340.114819 
6.456880    10340.948105 
6.466320    10341.779259 
6.466320    10342.305366 
6.475760    10342.830130 
6.475760    10343.064170 
6.485070    10343.293719 
6.485070    10343.246135 
6.494380    10343.194948 
6.494380    10342.879370 
6.503700    10342.561302 
6.522580    10342.507752 
6.522580    10342.190956 
6.541460    10342.138009 
6.541460    10341.822477 
6.560340    10341.770126 
6.560340    10341.455849 
6.579220    10341.404089 
6.579220    10341.091058 
6.598100    10341.039885 
6.598100    10340.728092 
6.616980    10340.677499 
6.616980    10340.366936 
6.635860    10340.316919 
6.635860    10340.007576 
6.654740    10339.958131 
6.654740    10339.650001 
6.673620    10339.601120 
6.673620    10339.294195 
6.692500    10339.245875 
6.692500    10338.940146 
6.711380    10338.892382 
6.711380    10338.587842 
6.730260    10338.540629 
6.730260    10338.237268 
6.749140    10338.190601 
6.749140    10337.888413 
6.768020    10337.842288 
6.786900    10338.062050 
6.805780    10338.558173 
6.824660    10339.341835 
6.843540    10340.424983 
6.862420    10341.820402 
6.881300    10343.541799 
6.900180    10345.603888 
6.900180    10347.316526 
6.919060    10349.369051 
6.937940    10351.777251 
6.956820    10354.558131 
6.975700    10357.730043 
6.975700    10360.497050 
6.994580    10363.654182 
6.994580    10366.407417 
7.013460    10369.549873 
7.013460    10372.289437 
7.032340    10375.417322 
7.032340    10378.143313 
7.051220    10381.256730 
7.051220    10383.969247 
7.070100    10387.068299 
7.070100    10389.767439 
7.088980    10392.852226 
7.088980    10395.538086 
7.107860    10398.608709 
7.107860    10401.281383 
7.126740    10404.337942 
7.126740    10406.997526 
7.145620    10410.040119 
7.145620    10412.686706 
7.164500    10415.715430 
7.164500    10418.349113 
7.183380    10421.364065 
7.183380    10423.984936 
7.202260    10426.986212 
7.202260    10429.594362 
7.221140    10432.582056 
7.221140    10435.177575 
7.240020    10438.151783 
7.240020    10440.734759 
7.258900    10443.695573 
7.258900    10446.266097 
7.277780    10449.213608 
7.277780    10451.771766 
7.296660    10454.706067 
7.296660    10457.251947 
7.315540    10460.173128 
7.315540    10462.706814 
7.334420    10465.614965 
7.334420    10468.136545 
7.353300    10471.031754 
7.353300    10473.541311 
7.372180    10476.423667 
7.372180    10478.921284 
7.391060    10481.790874 
7.391060    10484.276635 
7.409940    10487.133546 
7.409940    10489.607532 
7.428820    10492.451849 
7.428820    10494.914143 
7.447700    10497.745952 
7.447700    10500.196633 
7.466580    10503.016017 
7.466580    10505.455166 
7.485460    10508.262209 
7.485460    10510.689905 
7.504340    10513.484689 
7.504340    10515.901011 
7.523220    10518.683618 
7.523220    10521.088643 
7.542100    10523.859155 
7.542100    10526.252960 
7.560980    10529.011457 
7.560980    10531.394119 
7.579860    10534.140680 
7.579860    10536.512274 
7.598740    10539.246980 
7.598740    10541.607581 
7.617620    10544.330509 
7.617620    10546.680192 
7.636500    10549.391419 
7.636500    10551.730257 
7.655380    10554.429861 
7.655380    10556.757928 
7.674260    10559.445985 
7.674260    10561.763352 
7.674260    10563.729305 
7.693140    10566.036828 
7.693140    10567.993734 
7.712020    10570.291479 
7.712020    10572.239398 
7.730900    10574.527427 
7.730900    10576.466420 
7.749780    10578.744797 
7.749780    10580.674924 
7.768660    10582.943710 
7.768660    10584.865029 
7.787540    10587.124287 
7.787540    10589.036857 
7.806420    10591.286649 
7.806420    10593.190526 
7.825300    10595.430912 
7.825300    10597.326156 
7.844180    10599.557197 
7.844180    10601.443863 
7.863060    10603.665619 
7.863060    10605.543764 
7.881940    10607.756294 
7.881940    10609.625974 
7.900820    10611.829336 
7.900820    10613.690607 
7.919700    10615.884860 
7.919700    10617.737777 
7.938580    10619.922979 
7.938580    10621.767595 
7.957460    10623.943803 
7.957460    10625.780174 
7.976340    10627.947445 
7.976340    10629.775623 
7.995220    10631.934013 
7.995220    10633.754052 
8.014100    10635.903618 
8.014100    10637.715570 
8.032980    10639.856366 
8.032980    10641.660283 
8.051860    10643.792365 
8.051860    10645.588300 
8.070740    10647.711722 
8.070740    10649.499725 
8.089620    10651.614541 
8.089620    10653.394663 
8.108500    10655.500928 
8.108500    10657.273219 
8.127380    10659.370985 
8.127380    10661.135496 
8.146260    10663.224815 
8.146260    10664.981596 
8.165140    10667.062521 
8.165140    10668.811620 
8.184020    10670.884202 
8.184020    10672.625669 
8.202900    10674.689960 
8.202900    10676.423842 
8.221780    10678.479894 
8.221780    10680.206239 
8.240660    10682.254102 
8.240660    10683.972958 
8.259540    10686.012682 
8.259540    10687.724096 
8.278420    10689.755730 
8.278420    10691.459749 
8.297300    10693.483343 
8.297300    10695.180013 
8.316180    10697.195616 
8.316180    10698.884984 
8.335060    10700.892644 
8.335060    10702.574754 
8.353940    10704.574520 
8.353940    10706.249418 
8.372820    10708.241337 
8.372820    10709.909068 
8.391700    10711.893187 
8.391700    10713.553796 
8.410580    10715.530162 
8.410580    10717.183692 
8.429460    10719.152353 
8.429460    10720.798849 
8.448340    10722.759850 
8.448340    10724.399354 
8.467220    10726.352741 
8.467220    10727.985296 
8.486100    10729.931115 
8.486100    10731.556765 
8.504980    10733.495061 
8.504980    10735.113847 
8.504980    10736.429329 
8.523860    10738.041913 
8.523860    10739.351813 
8.542740    10740.958230 
8.542740    10742.262583 
8.561620    10743.862871 
8.561620    10745.161711 
8.580500    10746.755905 
8.580500    10748.049265 
8.599380    10749.637401 
8.599380    10750.925315 
8.618260    10752.507429 
8.618260    10753.789929 
8.637140    10755.366057 
8.637140    10756.643176 
8.656020    10758.213352 
8.656020    10759.485123 
8.674900    10761.049381 
8.674900    10762.315837 
8.693780    10763.874212 
8.693780    10765.135384 
8.712660    10766.687911 
8.712660    10767.943831 
8.731540    10769.490543 
8.731540    10770.741242 
8.750420    10772.282174 
8.750420    10773.527684 
8.769300    10775.062868 
8.769300    10776.303219 
8.788180    10777.832689 
8.788180    10779.067913 
8.807060    10780.591701 
8.807060    10781.821828 
8.825940    10783.339967 
8.825940    10784.565027 
8.844820    10786.077549 
8.844820    10787.297574 
8.863700    10788.804511 
8.863700    10790.019529 
8.882580    10791.520914 
8.882580    10792.730954 
8.901460    10794.226818 
8.901460    10795.431910 
8.920340    10796.922285 
8.920340    10798.122458 
8.939220    10799.607374 
8.939220    10800.802658 
8.958100    10802.282146 
8.958100    10803.472569 
8.976980    10804.946661 
8.976980    10806.132251 
8.995860    10807.600976 
8.995860    10808.781761 
9.014740    10810.245150 
9.014740    10811.421159 
9.033620    10812.879242 
9.033620    10814.050502 
9.052500    10815.503309 
9.052500    10816.669848 
9.071380    10818.117408 
9.071380    10819.279253 
9.090260    10820.721595 
9.090260    10821.878774 
9.109140    10823.315928 
9.109140    10824.468467 
9.128020    10825.900461 
9.128020    10827.048388 
9.146900    10828.475251 
9.146900    10829.618591 
9.165780    10831.040352 
9.165780    10832.179132 
9.184660    10833.595818 
9.184660    10834.730065 
9.203540    10836.141705 
9.203540    10837.271443 
9.222420    10838.678065 
9.222420    10839.803322 
9.241300    10841.204953 
9.241300    10842.325753 
9.260180    10843.722421 
9.260180    10844.838789 
9.279060    10846.230521 
9.279060    10847.342484 
9.297940    10848.729306 
9.297940    10849.836888 
9.316820    10851.218828 
9.316820    10852.322053 
9.335700    10853.699138 
9.335700    10854.798032 
9.354580    10856.170287 
9.354580    10857.264874 
9.354580    10858.095533 
9.373460    10859.186331 
9.373460    10860.013694 
9.392340    10861.100724 
9.392340    10861.924810 
9.411220    10863.008093 
9.411220    10863.828919 
9.430100    10864.908474 
9.430100    10865.726060 
9.448980    10866.801907 
9.448980    10867.616271 
9.467860    10868.688430 
9.467860    10869.499589 
9.486740    10870.568080 
9.486740    10871.376052 
9.505620    10872.440895 
9.505620    10873.245699 
9.524500    10874.306912 
9.524500    10875.108565 
9.543380    10876.166168 
9.543380    10876.964687 
9.562260    10878.018700 
9.562260    10878.814103 
9.581140    10879.864544 
9.581140    10880.656848 
9.600020    10881.703736 
